0000110111101100110000111110011001101000110010000110100101000101 000000
0100111100011011101111001101010111000010100111000000111101100001 110010
0110011001101100100111101000011110101111000101000010011101001101 100001
1010001110011110111000011110110101000010011110011100001000101010 101000
0110011010110000000000101010011000000000100010000011000001010100 110111
0001001110001001100110010001110111000101011111010100100001000000 101101
0100011010000101000011101000010000010001101000000011101100011001 111011
0000100001111010110101100101000110101100001010110101010001101000 000011
1010000111000100011010100001001001011110000111010001100100110101 010000
1011100001011110011111101000000111101000100100010100110011100111 111011
1111100001011100010001100111000100111010110011001100010111110001 010010
1110100110001100011001111001011101001100110110100011100100101000 100100
0011010100111111100011101111101001100000111101001011010010101011 011011
0110100100111001001000011111001010001010001111011101000110001111 010010
0000101110001111100011000000010100111001101110101010010001101011 100101
0001110001111010001110110101101110000001000000001010001100111000 100101
1011110000101111010100000101100111100011111011111000101010001100 101011
1011011001111111010010110011100101000000111011001011110101011100 000101
0001101010101110101100000101111011001011011011000010001100011100 010000
0100000100011100011011001011011000101101101000010100110101101110 111100
1011011011010001111010101101101101010011001100101001001101001001 000110
0010101111101000010111010010011011101100111100000001001111101111 100101
0010100000011001101110111001000000101010000010101111110010011000 101101
1011110101001000100010110010101101100101011101010011111111111111 110000
1011011001000111111010011111111100010111111111101000100011111011 010100
1010000110010011101010001010111011001111011101000011001100111111 101001
0011010010000001010101111010010111001110011011011111010111110010 001001
1111010111011010001000010101011011111110110100101101101111100011 011001
0010110000010010010111110111100101011100011100011110111101000010 110010
0100110010001001111000011001111000001101011010011110110101001011 110000
0010001010001011100111110011010011011011100001100010001001110100 101010
0000110110000011000100011111011101110010000000111000110011011001 111100
1111101111011110010101000000110101100010111011111101111110111010 000110
1001111010111101100010101001101000010011100010010010100110100011 000101
0111011011110101010011100110001001101011100100111001011001001110 101010
0000100110101011011010110111001011111001011110000000110101101011 101100
0110011101000101001010010011010000010011100000101100111110011001 100001
0010101110100010010010110011000101000101111110000100011001111101 110111
0110111001110111101100111111010001100101111000010001001101100001 011010
0110011011000100110000110101111111111111010011011010010110100011 101101
0001110010110111100000100000001111000011111011000111010011101010 111100
0101100010111010101001000111101010011000011110001011010011100110 010111
0011010001000000000000101001001001110100011000100010100101010100 000110
1110110100101110011000100110011111101111010101010011110010011100 010001
1100111010010010001101100100111010000101110101000110111100001010 011101
1010111010011100100101111110010100100101100111000011101010101011 101011
0010101011001001000101011010110011101100101110100001101111100000 111011
1100001011101010111011101011110011100001001111001110010000101011 101101
1110010011001101111111101100100000010010000110001000111110101011 111001
1101110111010111111000000100100000001010110111111111111111100101 101001
1101101000010001110000001010010110000001110000101000010111110000 111001
1100010101001111110010010000010001111111011001011010010010110010 000100
1011001010110011111101001000001010010011100101011010001010100010 100010
0101011011011001110100001011000000101001011000100000011111110111 001101
1000101000000010011110101001001110110101111010001010010010111011 101011
1010011011110001110101100000101000011110111111011011110010011011 110010
0011110101001001100011011101010111100100001111110001111111000010 110111
0000010100100001011011110001101101110001001001001100101010001100 111101
0101100110010110110110111100011010010011011101001100101001000011 000101
1000110001101001100110011101100100000010100101001100100011110110 111000
1011101110000110001001011011011011110011100101100100100010101101 010100
0011110101111001100010000110011100010101110100111101111001111011 101001
0110111010010101100110100001100000111111000101101010111101111000 011011
1011111110011101000001000100010011111000000001000000111011000011 000001
0010100001000110011111111001110100100011100001011001001111100010 111111
0110100101010010101100110111100010011001011001010010000011111011 010101
1110001101000111111011101101110110001100101110000110110000111000 010101
0001000001101110011111011111000101101101100101001001000110110010 001011
1000110100000001110101111000001100010101011010110111111010110100 011010
0101101110100100000100000010010010110001001010100000100000011001 000010
0011100001010000011011000011000001000011011100010110110011001001 011000
0101001110011101100000110000010010100001111001111011110000001001 100010
1100100011010010101011111000010100010011110011101100011111100010 010001
1101011010101101110011001110011001011010011010100101011010000011 010111
1010010011101000010001110011001111010100011110001011110101110001 000011
1000000000110100100100101110011000001011110000000001110110101001 011110
1110111001000110011010010100101010000110110010000100100010000000 010010
0111110001111010101110101101010111011001101000011110000101000011 010010
0000110001000001111011001111111001001001110100010001110001101110 100100
1011010011100011011000101101000001100111101000101101011000010111 110100
0010010111000010010101011010000111101000011011100111010111010111 000000
0010100001111100110110000111010100110000111010101101011001100101 011010
1001010011001011110111000101011010100010001100111110111000011101 001011
0110100110100011100111000011111110011010010110001010001010011100 100001
0010001000110001011111001110010010001101001100000100011111111111 101111
1001101110100111111100001010110011011110010111100110001100000101 001011
1111010111100010000010001001101011101101001111000011111110011010 111111
1100011011010110110000100101001010111111100000001100110100110110 110001
0011110000110101110101111100011101111001010101110001100000111110 011101
0100000110011100010101001010001010010111100101100101111101001101 111101
1011100100110110011111111101100101011011110000101010100111110100 011110
0100101111010011100110110001001111111101011101100001101011001100 010010
0001011100010101000011110110011000101100001100100101000110000100 110100
0011100110011000101110111111000111001100100100000010000000111011 011000
1001101101101110011010000001000101100001110101111110100111001000 011011
1110001111101110110001100001011100000111100000010110011110100011 010101
0010111000001110111010010000100001010100001101111000100001111010 111101
1110011001110001010111010101110110110001000100100000111101100000 011001
0111100000110000100111011101011010011010101110101001111011001111 111100
0101001010011100001101111110110111001110111111000111101110111001 101000
0111010100001010001110101010100100101110110111001010010001001100 101110
1111110010100011001110110101110011011010101000110100110110010110 101011
1011010000110111001111011101110010111010001011111100110001010101 000010
1111001111100110111101101101001101101110111101011010100011100000 110011
0011100010100111111100000000111111110100111010100111100010100010 100010
1111000010101000001100110011001100100100000110000010011010101100 101010
0011101001010111100010101101110000010011111001101000110000110101 110000
0000100110110011110110100110001110101100010111101111110111111010 010000
1011011101010100001111101000101011111011101100011010001010001001 110110
0100101011011101100010101100011000100000000010001100010010100101 011011
0111010001010111101010100010011111111010011001101111110000110010 011001
0110001100100001000100001110010111010000111011110110000100000100 110000
0100011100101010110010011101011010111010111011010010010001010000 011100
1010010001000000010000111101010100100001100111111001001000110100 110011
0010000010000010101110111101100011100001000100011111110001011101 110000
0001000100010011010100100001001110111100001001100011010000010000 111001
1011110101111100111101001101101110001111111000010011000101000110 000100
0000101001111111011010011100101110111000011010110000100000010111 101111
1001011011010001110011000111010101000011101011110110000101110000 100010
0110010001110000001011001011000000010111001000011011111101111111 111001
1100011101110111001111010010010000010100001101101001100100010010 011010
1111010000010000100100001100011111111001000100000011111000101010 101110
1100011101000011011101111111001100011001101101001101101000000101 110101
0010101100100100110010101110111110101111111101110110000100001010 101001
0110110101001101001010000010000001011110011010111101111010000111 111111
1001111111011011000011110101010011110101100001110011000000101001 111100
1100011010011100010000101101110111100010111110110011100001101000 001000
1011011101000111000011110110101111000001001010111001111100110100 110111
0111101101110100011001011000100111111001111011000011100110010110 100001
0110111111111110001010011010111000100000110111011001111101001100 101111
1100110011111111011110101011001111001111010100101011101001100100 101011
0110011011000010000001011101100000010000110011101001011011011000 101111
1111101010000001010101111011110100001000110110101011100011011011 010000
1010101011110011110110000101101001000011001100001111001001101000 101110
1101100010001110011100110010010010010101110101011010110100101011 100110
0010000000000100100000011000010110101010100111010010111101100010 100101
0100001011101100011000010111000100000011111000110111001011000010 000110
1101101111101011010000000001111010100011110101111010001101000111 000011
0001110110100000000010100101111010111000000010011111111111011110 110110
0010011010011000100101101110101010101010100001010110100001111111 110010
0001010001100101010110101000000100010011000111100100001110001011 101011
0000001100011101110111000110111011111111001101010001001111110010 000101
0110101110001001111110011111011100011111001011010100010111000110 110011
1100101011000000100101000111000011011101000100001101000001000101 111101
1100100010111001000110110101011001010111010100110101000100110111 101000
1000100101000001010110000001100000111100111101110010100100011001 000001
1011010001110101001000100110110010001001101000101100100010000110 110111
1111001111010110101010001000101011100001110011101100000101110000 000000
1010101100100111100111011011010110010001100100100100000000110100 111101
1011101011100010011011101010001101010001111000101100111000101111 000111
0001111010001100111100000011110101100101101100000100111101000000 011010
1001000110011101111100110100101101101111110111001000010101011100 001000
1101101010001001001010000010000101001011110110111111110100101110 101000
0100010101001100000010101111010001111101110001011111100011001101 100110
1011101100110110111001011001111000001100101110001001110010110010 110011
1101111001101000001010111011000100001100100011100001000010011110 100110
1110101001101101101001001000110110100011010110101011100001011111 100110
1011011011000100010000000111110011001001111101001000101000101110 000000
1111110101110010001111110111110011101100000100001101111001010010 101000
0101000110010000001011110010010101010000100110010110000000110001 100101
0000100001101000110011100000111001000001001010110100001000100011 111001
0100111011101000011111111100101010001110011011101110100100000110 011110
0011100110100000110010110001101101110110010000001101011001011011 010100
0101101000001010001101100000010010010101110110100100111001101001 111101
0110010111010011011100111001100010101100000000001000010111000110 010000
1011010111001000101111000101011110001001000011101001011011011111 001111
1001010111001111010000101010010100100111010111101000111111011100 110100
0111010001110110110000010010110101011000011000010001110010010011 110010
1101001011000011111001111000110110111110111110011010101000000011 101011
1110011111110010101011110001111111010010111000111000111100010101 001110
0111001110011111110111111010101101101000101010000000010001001001 111101
0000100000001101010000000100001001010100001110010100101001111101 000110
1111111100000000011010101100010100111011001111001110001101110111 111010
0010110001110001011101011100010111110000000000001000100110101100 110100
0110100110100101010110001000111000110010011011000110111101101110 110110
0110100100110110100101000011111110101010100011011010111000111100 010000
0101001101100000011011010001001010011101101110011100111011110110 000101
0000001101001101011100101100100001010010101111000001110000100110 011000
1110011011011100010011000101101010010000111111011100101100101110 010011
1000110011011010111100001110001001110110111110010110110010100001 110001
0110000100010100111100000010110010000000111100111100110111000000 001000
1010000010000000001001100100111000101100000100100101111011101000 110010
1110000011110100000001100100110101000110010110110010010100101110 111001
0000101000100001010111110011011010110011011000001110111011000011 110101
0011100101001111110101000001100100001101111101101000011011101101 101110
0111010011011001010101110011000000000011100100110101000111000100 000101
1011100011101111001001111111010110011110011011010000100101100011 011101
0011110001001010101001000110000010111111010011110010101010011100 101001
0100010101011101000111000011100111010111011100000011010000010111 100000
0111011001010011001010111101110110111111001000110101110101010011 010101
0000110101000111010110101001100100000011011100011100001001010011 011010
0111111111001001110111101011110110111110000010001110100000100001 111010
0100101000001000110101101101001100001111101000000111111101100111 011111
0101100110011001001100100101101100011111111101111101101001011101 100100
0111000010100111000010000011011111100110101000001110110101000111 011000
0110001000000010101110101100000000110101100010010010111100010101 101001
0010011000000001110110100001010010100110000111110001001001111101 001101
1110001100001110000011111110010100001010010111100101111100001000 111001
0011011011110100111101010001100000000000101110111100000101101110 000110
0001111010011010011000011010100110101100000010100000101100110011 011000
0011111010101111011101100011111010010101011100110000001110011111 111000
0111101111100100101110100110001111001100001100010000110010001001 001001
1001110001001011010110100111111110101001110111100011001101101101 101111
1110111010010111010100000001100101110011111111101100111101001011 101010
0111101010101011111100101001010000110011000010100110100101111111 001101
1100000001100111111011111011011101000000000100110100100111000110 101000
1001001101010110110011000111010111011001110000110000001010001100 000000
0010010000110100110111011111110001100001100111011110000101100000 001111
1110111000100010101000001111011011101101011100001000110111010100 000011
1101111000011110001001100010101110111001110000110000101000011101 001111
0010011000000111110101111100000100101011100010100010011111010011 010100
1010010100100001110110001001111000011101110010101001110011001111 100000
0101011100010001010010001000010110111101111011101000001110010011 111011
0100001100110011110100110100100110110011110101000001100010101010 110001
0001011011110100001010000110111011100011110110100000100101010001 010011
1010010011111011000100011100011010110110100111101110011010110101 011001
1110101110100111111110000110011011101010001100001100000000001100 011111
0110111101101110111100100011010100011001010001001000110001110111 011011
0010101101011101101001001111001100110000110000010101001001010011 011101
1000001010001011110100111000111101100000101000010111100000110111 101001
1001100011001011011010101011111101001110001010010001000100011111 111110
1111101101110101011000101010111011101001011011111111000001001011 011001
1111110010110011111111011000100010000101010110001000011100111001 100001
1001011100010011011100010010010000100000101010010001110010010001 110001
0010111010101111011100111001001000001111011101110100011101000000 100011
1011111110110100100111101100010101001100110110001110010011110011 110010
0110101100011001010001101010001111010101010111011101011010011101 100001
1111101101010101010001000110000011000110110010001101001011011111 110001
1111110101101111101111001000101011111110111011001001101011111010 010111
1110100000100011111100100101001011011100001011001011011000010100 111100
1000111001000110010010111101010111001111001110011101010111010000 000011
1000001101110010001110001010100010111001011100010001111100011010 001011
1010100000000010000110110000100101110011100000011001010100100101 001111
1100011001101000001001110010100000010111111000001110000101001001 110011
1010110001010011101011010100110011000011100011111001000000010011 010101
1101111011010101010101011010001100101001011001010100001110000010 001000
0000101010101000000100110010010010001000011100101111001100001101 111110
0110001010011000100101100111010101100100100101010011000111011111 001010
1000100100010011011010000111110010100100010010001100101100111110 010011
0011100010011010101111000001110001101011111111100000001111001101 101000
0101111100000000011111100111010111001110101101000110011010100101 100010
1111000101100000000101011011000010001101100001010001101101011110 101011
1011100100001111100110111011011100111011011110010000100100000000 010111
0110011110001011100011001001000000111110100000111100011100010001 000000
0011001010010000010101110100110110111001100100111010010101011101 100110
0101111001100001010011010011100001101111110111010011001011010111 000101
0001100101010010000010100000010111000001100101110100110111111101 000011
0101110100110101001011001110001110010110001001010001101110011001 001111
0101111110111010101110010110110011001001111111101110010101010001 011100
1111010011000111011111010001001011100000000011011111111100001001 110101
1000111100001000101111010011100101000101010010111010010110101101 111101
0100000010010000110101101100010010100010110111110100100110111010 010001
0000110000100110001100111111011100001101011100101101001011011010 111101
1101110010110100101101011111011111101111010000101111010000111101 110000
0110110001110110001010010100101110000011110010010001011000101111 010110
0010101000101010000100010010000001000010100001000111001010111110 000111
1000101101010101011110011101111010111111001111101000011011101101 000011
0111001100100001100010001110100010111100010000100000100001110000 011000
1101011010100011110010101000000000000001101000001010010111110010 000010
1111100101111110001001001110111111100000011100100001001001011111 111110
0010001101000100101001101111101110100000111110111110000001111111 110000
0000011010110011111100111001101001110101000110110111101001001001 100001
1110110011010110000100110001001110110010010010011000100100100101 000111
0001100101011001110000000011000111010011000101110011000000101000 110110
1101100000111101100010011100010001000101111101100010110000010011 001000
0001001111100010110101000010010101011011011011110110001001111111 111011
0010101101010010101111110000011001010111001110000010100111011001 100101
0111111011101101000011011010001001100101010001001100000000010011 111010
1000101010011000100110001101101011111111000100011010110001010110 010011
0111000011010101010001010001010010011010001000011011010100101010 011001
1111111100001110000001001111010011001011010101111001100001110110 001010
1111101101001000010011010111000100011100000000100101111100101111 111111
0011101010110011000011110011101110000110010111100011000000011110 001101
1011011011101011101010111110101010111111001101100001110100101111 101100
1010000000110001000010000101000000001010011110011010101100000011 011010
0101110100011111010110101100100110111001111010000011100000100110 001101
1010001100110110100010111101010001011001110011110110110111001001 111000
0101000110111101000110011011011010000101100011010111110101010000 011101
1001101101101010101100011000110010011100100100000101001010110000 111110
1001100100010001101100001111101111001111000010001111100000100110 110011
1100011011000000001000000010011111100110100100110111111010110100 011001
0111011001000000000010000101000011101100110101010110110011011111 011010
1100010000011110110100001101001011011111110100011010001000111100 011010
1001011100001111001010110100001010110101011011010001011000101011 111111
0110110000010111100000101111001000111111110011111111001101111001 010101
0100110101000101110011000101010111000011111101011011100111001011 111101
1100000111000101100100110010100011000100101010101000111010001000 110011
1101001110011001010110110101000111111011101101001111111101110000 000001
1110011110110001010110110001001000001010011101101001110001100111 011000
0010101100011100101100110100010000010000110011111000100000001110 110001
0100001110101001110010111101000110001001111101000001100010001010 011101
0011110110111100010000011111010000010101010100111101011100100010 111111
0110110101001110101010010010110100011001111010011111011111101100 110010
1111011001010001111110000010110011001111101100101101101111111110 011110
1110110000110001000111011101110100111011101100100101011010000111 001011
0001011101001001011100010101001010100110101111001010101111110010 100100
1001110001000010011110100001001110111011100110011111100110101001 001100
1011010101110100001101001001111000101011000100111111000110001110 110111
0000110101110110101110011011001011000010101110010110010000100100 011000
0110101011001100000010110111110011000111000100001101100110000011 101101
1101000111000001010100010011010111011010100010110100100100111010 011101
1011010101001101100100100111011100101110001001110110010001111111 110101
0010010001110100110110100000010011110111001111111000101100011011 100110
1100011100001000001111100111101010010001111110011001010001101001 110101
0100101110000101000101101111111011111111101011011001101000111011 110010
1100011001111100101010000000110011100101101110110111111001000101 010000
1011000010011001000110010110010110110011110000101110011011010101 100100
1010001100100001111000001000110111001110000100000010010010000000 010010
1101100011000000001110001100001001000001110011101101111000101010 000101
0111001100011110111111000101100000111110000111010011001111010100 110101
0010011000011000010101100100011101001000001111101000110100010000 011111
1100001110001111100011000001001010111011111010010001001011010000 101100
1101000101000010111000101010010000010011000111011110001001100000 001000
0101101010100010010100100001000110110001010110100010000101010100 000001
1100110101011110000101110100010110000110011000101010110011001110 001010
0111110110100010000000111111001001011101001001001111010001001010 110100
0000101000000101011100111011000000001100010011001110100101110101 111110
1100001100001111110100001111111010001010011100010111101100010101 110101
0101110001001111010111111000100101101101011111111110111011011101 000110
1000111100010000101100100111000101100001100000001000101100010010 101110
1111001111011101101100101000100110101111110110010001011000001001 111110
1011010111111010110011110000101111011000111010111110100010101000 100010
1100110100100100110110111111100001000100011101011011110101010111 001000
1111100010101110111110000011001001100101010000110100010100110000 110001
0110110100010011110100000011110111110100111111110011111111101110 101011
1000111111010010100110011100010001101011100110111010101101011111 000110
0111010000000000001000001000001101010001111001101101011001010011 110110
1011100100100101001011101111011101011111100101010000000001011001 110101
1010011111011100100100010011001000001111100011011000000111100001 000100
0101011000000110011100010000000000010001001101110001110001011000 101101
1000100101110100110110001111001001100111000110101000110011110001 010101
0010101110111100001001011000101000110101010110001011001100101010 101100
0100011111100110111110101001000110110000010010110001001000001110 000011
0101101110001101110111011100010110001111101001001010010001010010 111010
1011010100011001111011100101010100000100101111110011110101011100 010001
1111111101100011101101001000100101000001100111100100110110110110 101000
1001110010010111001000010001110011100000011110100011000001111010 001011
0000101010110100100111010100001010110100010100010011001011101110 011100
1100101001110000001111111110000100100011100111010001001111011111 001101
0011001000011111101100101000100110010100110111111010000111111101 010011
1110101100011111011011000110111111110001001101100000001000100011 100110
0100111001000000000100011010001101101010000001010110001001010010 010111
0001100100110100000010010100000110101011101010011010011101000101 000110
1110110110001111000001110011000000000011110011110110110001111010 010000
0101001011010010111111111100011000011101111100000100110110111011 001011
0110110110010010110100001000101000011000001110101001101011110100 111001
1101111110000010100111000110001010100100110110101100110100000111 111000
1100010111110111011100011100110101000111110100010100100000101000 000001
1000111000011100010101011100001101111000011011000000010100011101 001101
0101001000011111000110100110011011101001010011010010111011110101 011010
0101010110101000100111101111110101101111101011011000100011100111 100101
0111011001011000110110010101101110110100000110110010011010011011 111110
1011011010010111111101010110101100011001110010001011111000011011 001001
0111100111001011111000001111010101010101111010110111010100101001 110110
0011000000001001001110110000110110110101100101001100111011001100 001010
0010101010001010000001010010101001000001101110100001010001010000 001110
0011101101000010011100111110101000110110011001110001110110011100 001110
1110110011010110111101010100111000100000001110101111110110111110 001101
0101001111010011110000011101001110111111100110011111111000111010 101001
1000011001000110101110010110011111001111110011011001100011100001 001100
0111111001110100110011010100010001101110011111001000000110011100 100001
1110011000010110101011010101000001010000001000110000000000001011 001000
0010011111110100100001000000110011110101101110100111000001110101 000111
1100100100110001010111010101010100010001111001011111101001010101 111111
1110100110011111001110010011110100101111010111010110001010010000 100011
1010011010100000000110000111111011011100101101011101010110010011 100110
0011101100000110011111010000000101101111101010011000110010001010 000101
0010000000001111110001011011111010011000111010001011111111101010 001110
1001111001001100111010001010000110101100101110000000011100100100 111110
0100100111101101110001110110100101001011000100100101100101100001 101100
0010010011001110101111111101010010011011010110110101010110100111 001110
1010010111101100111110010001011111101111010011000000010101101101 001100
1010001010010111100111110101110000010000110100111111010111110010 110000
0100000100010001010100101001011010110000101011111111010111000001 111101
0110101010011000001101100001010101110101101011110010101110000011 110111
0010011100011000010101000110101001111100110010111000111110000101 000011
0001010010011111111111011000011001011101011100011011011101001110 011011
0011011100111011101010110001010111110010000010111110011010011010 010100
1010010011010100101111000111111000101001010110011100001101010110 110111
1010001000100001011100010011111110010101001011010110111101001000 001111
1100011001011101011000110001110111110101010000001110111111111101 001011
1011100011110101011001010110111010110010000000000010111010010010 110110
0010010111110100000111001010111010111000110101110111001001101100 010001
0111011001010111000000000101110111001101000101100000000110101101 101111
0000110101000111001010001001101010001101101001110000110000100110 111010
1001100111101010001011100000110100010110100110101001111101001001 101000
0011011000110101101111010100000001000010101011111100011010110010 110010
1001101000111011101110010110100011000001011110000101011001110010 000011
1110010010111010001010100100001101110011010001100101110101110111 100011
0101111100000101011111011101001000110111010110001000111111101010 000000
0111101011001000010110000110100010110101100101110101110000011100 100110
1111100100011011011111000001111010111101011100000001000111101110 110011
0010010010110001110011001011101100111000111010011010110111100000 111101
1000000011110110001101110010011011111000101101111111011011000111 011000
0101100000010101111001001011101001000011011110000101010001010110 110111
1110110110100110101101010110001101111011000001110001000001011001 001101
1100100111110111000001100101011100100111100111010100110110001000 011011
0001011100001101010001000010001111111110100111101010010000011111 110000
0101011000100100101000010000100010101011000100101111011000011010 000111
0011111010010111110100110111001111000111011001001101010011010000 110001
1000100101111011100001011011010011110001010101111010001011100110 010111
0011001010110101011110010110110100101011101001100110100011001111 010001
1101111111000111111010110111111000101011100101000111011101010011 100111
1111000001110100000001010101010011100100100000010101010000001101 110000
1101010010110011111011100111011000001000011001011001011010101110 001110
0100111110100101001101011111100000011101110011110101110110011111 101001
1101011111001110100111000100111001001110001011001110101010010101 000011
0101101101000100100011111101101000100011110110000000010110111000 000000
1011101101110101011001100110010101111000101001100000110111000101 110010
1001100001110101001100011010000110000111111011100011110010101010 101010
0111101101011011000111111011001100000010111001000001110110011000 110011
1100111001101110000101110010111001011110101011111011001111010110 010100
0001001010110000010000110110111011101100110100010111010000100001 000000
0000111100110001101111011101110001101000111110010010000111000110 001010
1010010001100011110011010001101101100011011101010001100100001110 001111
0110000110011101101000111111001011010011010101001001110000101101 110111
1111101110101010111000110010011111000010100011101111011001101100 111011
0101100110101000100101110010011110101011101101001111011101110011 101011
0011110110100010101101100100010110100011011101011100101100001000 110001
0011100110111000100000010011101010111010110100111011010110110111 110010
1100001000100111100100110101111110001001111011110000101011100010 001111
0101011110110110001110110100111110110101011000000000000111000101 101011
1101100000101101101100111110001000000111000010101101110110001001 110110
1000000011011100001110001110000010001010100101110011010001110011 101001
1101100001111010001100111100000011010100110100100011111011111010 111010
1011001011111000011001001100011110011011010100101011110110011000 101110
1001111100111110101000100110000111111100001001110001000100011100 110000
0011100001111111101111010011101011110010000100100001010011001010 111100
1011010010110110101101010110111001000010100000001111100011001110 001100
1001000000010010011110110110011110000110011000010000001011011001 001101
1110110001001010110000011110101110110110111111010100000011110001 111010
0110101000001111001110111101110101100011001101010110000010101011 101011
1001100110010101011000010011111010100000111000011010000100000101 111011
0100110011000010000010001100010011110000111101111110010010100111 110010
1000011110011101001100111000100000001100011111001000010110110000 101000
0110010011100110100001011110011110100011100111111001101011111111 000010
0100001110100111011001000011010110100001111000011100011111000100 011001
0010100101010101100011101001110010111011100111001100111011000100 101000
1011110100000010111001001000011100001011101001101100111100010100 010100
1111110100101001111011100110010100111000101001000000111010000110 000000
1110110001000011001100000001100011001000001010101100011100001101 011000
1010000111111101101001111110010011101111100011100001100000101010 000100
0011101111001011011001010010011000100011110110101111101100100000 111000
1111101100010010110001110101101000011000101110111000011100110001 011010
1100011111100011001000110011101101001010101100111101111100110110 001101
1000011110010110101110110001010101101101001001100100010110111011 111001
0111100010011111011111010101100000011011111011011111110000101111 001110
0101101111110001101110011000001010011101111010011111010111000100 000110
1000100101101111000010101001100000100011010101001010000000000110 101111
1110001110000101010010011100000100110011000110011001100101010001 100000
0011000000101000111111111100000011101010001111101111001111001001 000111
0100100101011011010000011100000010101010110010111111010001010000 011100
1001000110110111101111001001001111001101101001010010101101000010 010001
1101110010111000011011000101111101001000000000101000110110100000 111010
1110011110010011000110100100010000000111101010101001010000111000 110100
0100111110111000110100101000011010010110100110000001011101111100 111111
0001100011111101010010111100110011111010100000010111011000111010 000010
0110010010001101001110100110110101100001111010101100000100000110 110100
0101111101111000000001000111101001000010010010001110011000000110 000101
0011111000000101010100110010100011100110011000011110001111101110 101110
1111001100000011110101110011001000011000000100010011100111010110 011101
1001010110000100110101110111000111111100111010101000101000000010 111011
1010110010001111110010001101010000100010100010000000011100111101 010101
1001000110001010000111001100111101000011101010110101111011100001 110010
0110101110101111010011001000010101110100110100111011101101111011 100010
1010011110111100000111011111010000101100010011011100100100011000 011000
1011101111011010000101011000111111011001000010101111101011111111 001111
0110011111101110001001001010111011011011010111010110001111011100 010010
0001110110010101100110101011100001100111101101010011100000000110 000000
0111010110110100100110000100011101001000111101010010111011011001 110100
1000011000001100101111101001000000111000000010100101011001110110 110011
0010110110101011111000111101011101010111011110111101010101110000 111111
0011110001110001001101101111101110110110001100110010110010111110 010110
0100110110100110000111100010110010001010110000101100000110110010 110110
0110101100101011011011011010101101111101011110100000011001000111 110101
1110100010100011110101011001010110101010000100010100110011000010 011010
0111100110100000111101100000011010101100111111000111011100000101 111001
0101001110100011010011000011011100010010000110000001111110001010 111001
0011111111010110111001001100100101111101110111101101000010110110 111010
0011101111000001010101010100111110101111001001111101001001100110 011110
1101101011101110001101011111100011011101110110000110101001111000 011000
0101000000000101101000011101100100010111111000000010110100100101 101000
0011100110010111001100111010100101111011110000000101111101000010 001000
1010101100000111100111101010111011010100010111010100111000011011 001001
1111101111111001001111010100101000001011100001011010010100011111 110011
1100000000100001110111110101011010000000011101000011000011011100 110000
0010001001011010000001100101100110011010101111100000110100001100 000011
0110110101100001000100000011010110011111001100001110011111101110 000001
1101000110011001101011001000000011011011010111101010101010111001 101110
0010100100001001010111000000011001101100000100100000111111010001 001011
1011101011011010010111011111110110101011011010101100011101101110 101000
0000111010010001100101100110110111011100111100110000010111011011 000101
0001101010010001101110010010111010000001001100001111110001110110 010000
0100001101100001000001010001001000010010000000100101001000111000 100111
0011110101111000111100100110101001011110101110001011100101110000 110010
0010101000010110101011100111111111100111010111010000100111010111 000110
1101010011001010011010000000011110110011100100101100011101000011 111110
0001010110110100100011111100110011110011110010010111100010100000 110111
0001100110011101010011011011001011000101010110110011001001111101 010111
1000110001000110110110100001111010010111011001011100101011110101 100110
0111101001111000100110111100010100101000000101011100110100011000 010110
0101000110011001010110001101011010001110110101000010000000101100 100010
1111011001110000000101110111110000100000001110111101001001111001 110000
0111000010010110111001001000100100000010010101000110110111011101 011001
1000011000100000010100100101110000101101011000001100100101101111 011110
0110000101001010010010001010111100001000101100000011100001011011 011101
1110110011110010001011010011011011110010101011101001010010110110 100001
0000001011011010011110100110011110100101001011010101100010000010 011000
0011010000111001011001110000010011110111001100000100110000110011 100110
1011110011110011110111000101101011000100000100001011001001100110 101100
0101101001010100000010110101110110101000101011011001011010010010 000101
1101110010110011111001111101000111000101100110001000001101011101 011111
0000000110101101110000101111101000110001101100111111100110110011 101010
1001011101011110111000010010110110000111011001101001100100111001 011110
0011111001000000001000011100000010100101101000001100110111011001 000110
0111011110001010110000101101001110110010111111001111000010100011 000100
1100000000100101111001001011011100000110011001011111010000101111 011100
1111000110111111000001001000110011101100100110101100100111110110 011111
0100000101100111010101011001000001101100101000000010101101001100 010011
1100001010100111011100010100010000111000011111100110011100101011 000100
1000101000010101100111110100011000111101100100011001100010110101 111111
0100101000110011011100000110101011101001011100110001010010110001 011011
1100010101000010101101000111111100111000110001011101000010110101 000010
1100001111111001011010011001111010010101110011101100110101100000 111011
0101101101011110001011011001111111110001001010011010011001100010 100100
1111111110000101000000100001111111110000111111001000101111110110 001110
1011101001000100111000100001011101001101100010011101011000111111 011010
1111110111110110101110001101001111001011001111011110011100010000 110100
0000111110011010111110001011101101000111111001110110000100100111 011011
1011000011010101011100011110110010001100101101011110101011010011 010110
0011000101001000101001101011111101101000000000010100101110001110 111001
0000001111111010111001100101001001110101100011011110011110110110 101110
0001011011000001100100001111101000111000100000011010100110110010 011001
0100011110111001111101000011011101011101010100101000011110001100 010111
0110100101100110101111010011111011100001010100001011000011010011 101011
0101111010101110100000011000011101101010010000001111111100001101 111001
0101110111101100100001010011100001110110111011000001101011101100 110110
1100100110010101011000111110000101000000000111111111001110010000 000010
0111100011111100100100100010000010000011001010010001110100111010 100110
1110110000110101010111100000011010111011100101111000000001010001 001010
1101111110010011000000110000110100110110011001011000010110001011 100100
1111100110010001011111111011110100100011011100110001101101011111 111001
0001000100111111111101011100010111000010110110000001111110011010 010101
1111010110111001001001101101000100000111110001110110001000011001 011110
0001010101100011001110110000001001010000011000101011000011000110 111000
1101111001000001001111110111110011110011111101100010011110010100 110011
1001100010110001010010010100110101011001111110000011001000110101 110101
1010010100100011011000001010111010100010111111101101000111000001 011111
0111110101110000010111000010010000011101001001000001011100011101 011011
1101011101000011010110101011100111011101011010110010100000101110 001101
1011101011011110111000010111100110011000000011011000010101101110 010101
1010011001010011110111100100100010100001011101111000100010111111 101010
0001010100010000101110001010101100000101010100000101011010000100 000110
0111000111111110010111010000111011001010010011011111111000000010 011101
0011110001111000011011111001010010110101101011110001000111011000 110110
1101101001010101010011111101110010010111100010010010110100001001 110100
0100110110011001110110010010001100100101111101011101110010011110 111001
0111011011101101001000010110100010100100101100011001011011101100 100101
0001101011111001100010100010110010110101101101101100110010010110 011001
1011010001011101110100011111110011001000000101011101111101001001 111010
0000011001001010011010101111101111110010010111110101101111010010 110011
0111011100011000101100001100100100110000011101010001000100000110 011110
0011111000100100011111000101101001000011011111101110100010000101 111010
1101011101000111011100110100011101001100100101010000000101001100 110000
0011000110110001111110101111110101111010111110111011001011000001 001011
1010011001100001101001100000100100000011111000000111010001101001 001100
0101011010111110000010111110001001000100100101011000010100111101 011111
1000111001001111101010110011000111101100001101110100010111010000 010000
0101101000101110110011111011110110111110010000101101100101000101 110001
0010000110000100001100111101001001000000111000110001001001111001 111110
0111001110100010101010100001010100110001101101001000101000001111 000011
1000101001101011000011000010011111010100110000101000000001010000 000100
1001000110001001101100001111111001111001000101111110010011111110 111100
1111011010000110000110010110110101000100100111001111100111011011 010111
1011111011110110111010111100011111001100100111100111111101100001 111000
0000110110100000100011111111000001100011101011001110101001110001 111100
1001110101111111100011010010001000101101100101001101001010000011 011100
0110111101100111000111111010000110001101001101000000001001110000 110111
1001110110000100100000011000001100001100101111110100110101101111 101000
0110011010010110110100100101011111000101000111010110000101001001 000010
0101101000011110010010100001100100011110110011010000100011101010 101010
1010011000111110011100100111010010001101001111001101010000110000 110010
0000101011001000000001001100111101111000010000000101001000111110 001101
1111011010000000011001001100101111111011100101010010001100001111 110011
1011000000100100010111010011001100001000000011101000110111100011 000111
1100010101000101010111000111101111011110101011110011001011100000 000101
0000110110010011001111110001001101101010000100100101000011000100 000011
0000110000010000110101001100000011111100100110100100001101000100 101111
0011110011111010110100100101101000010011001000001111101111011101 011000
0000001110100101011100011101011001000110101011010100111101001010 101000
1111010001110111011000000110000010101111001100001110000111010110 001110
0011110100101010100000011000010000110001010100100010111100010010 111000
0101111101011110101010101101111011100001101101010011010110011001 100101
1001111100100011010001001101011000100100110010100000100011000111 010001
1111010011110110111101111000000010001100011011011011001001101111 011001
1000001100111011100111101101011000101111010011011111101100110110 010100
0100011111000111111100100000000011101100000101010000000011110111 111111
0111101000101111110101001100010000101001100011110110110111101111 001001
1011000101101010111100000101001011001110101100111100011110001000 010010
0100001100101111011100011100001111000111101101001000101110100100 111100
1111101011000000001001010010010110000111101100100011111011000011 001100
0100110001010001111110001011000110100111101001011001111000000101 000011
0000010010000110100011111001100000010110000111010001101101001001 001011
1010000100111110011001101000110111100010101000011000001011011010 000001
1010001111001110110111001101100010101011011011110100100010100001 000010
1001001100110111001101011111100001000001101011010100100000110100 101000
1010001000101100100011000111110011111100010011001111100001001010 110010
0011010000001000100111001111001000111011011010100111010000110011 010001
1001001011010111001110110011001011001001111111001110100000001010 111010
0011101000010010010001000100100001110011101000100100100000101001 010110
0001011010111010011111110000111100000101111010101111100001001111 011011
0011100010000010000100110101000111011011001001011110111101011110 010110
1010110011010000000010011111101001101101000010000111000100111001 101100
1100010010011011110000100111100110010000101101011011111010000100 110011
0010101100101100110001010000100000111110100101011100110100100100 010101
0101100010001100101111000101001000000000100101101110000110110110 111111
0011010011110100001101011100001010101010001110101101111001111100 100011
0100111001111111011001000100011100111001011011100001111001001001 100110
0010101010000110000100110111001010011111101100000111010111001000 000111
1001011101100101001010110000000010010000111101101001101011111101 110001
0110100100111011111010111010101010011001011100100010100110110100 010000
0010011110111101111110101000110110110111010000010100010111100110 000000
1001011000000111111001110110101011001011010110011100110011100000 000011
1110101110101101001000111111100011101101111101011010101010010101 000101
1100011001111100011011001000111101011001011101010111011100100001 000111
0000000000110111111001110010110101001101000110110010000001011100 011001
0011000011111111111001110011100011010101001101111101110110010110 101100
1011011100010000101111000101011110111011110000101011111101111101 101011
0101001110111010001010011111011001011001010100010010001111100111 011000
0101101001000001001010111011010011000100001110100101010000011010 010010
0110001100010100000000111001111000110101010101001001101011010100 001111
1000110101001110010000110100001000001011001110110010111000100100 001011
0011010101000110100101101001000110111011011010001100101001011110 110011
0110101110011010001110100001000111001100101011110000100111011110 010001
0101011010011010011010101110011001010100001010011010101001011000 011111
1110110001101011110000110001001001000110001011100111110100110010 001111
0001011100001111111010110001110000000100101100110000101110011111 111100
1111111100111111110011110000010110011111011101000010000101010100 001111
1010011101111110010110110100000000110111101001011000001010000101 101011
0111101111101100101100010111100111001000101011101001001001100111 110011
0001010110011000110100000100100000011100000001100000111010010110 100011
1000001010111111100100001000100001111101010110011011001110011110 001101
0101100011000011100010001000101111100110000101001111011010011010 100101
1000100001111011111100011111101011000011000011011110001110111001 111011
0011011100010111110011110100100111000110011101010101110101010111 010010
1000111100111101110000001010101101101010111001011010011111011110 001011
0110001100111011011010101001011101000001011101000011010001000001 011001
0111101110101001110000101001111100011110110010110011001100100000 110010
1111111110010011010011000010000001001110011111000100001010100110 110010
0100110110010111101100101000100001101001010011101001001001110101 101011
1010110011011011011011100011011010001010101110011101101100001010 100001
1011010000011010101100001001100010111010100011111001001100000011 101000
1100101001101010110101011111111111100010001100000010100001111001 010000
1011011011111010000101110000011100111001100110111000000111000111 001000
0001010111000010110100110100001000011101001110100001101110100101 010011
0111001100100010111011111111101011111001001010010000100011101001 110101
1100000011111000010100010101100000100101100010100010011011001000 111100
0100111010100000001010011110100011000100001000001110010111011010 011100
1111110001001101010000001011111011011001001100111111100011110100 101001
1001001001101010111110110001010110000000111010101100001101011000 111010
0100011111001110011000110111111111010010001010001100100111010100 010111
0110011111010010011010110011110100010001010101111111010100000111 000100
1100101000100100110010001101110000111001110010110100111100000100 111000
0011011100111001101011111100111000111111110011100011100011111101 000111
1000111100010100001000101100101110000101101110010010011011101100 111101
1000111010011110001011101101100000101101110101110100011111011110 001111
1100110101110010010000110010000001010100110011001000100110100001 010011
1101000010001101110011100111001010111110101110011101001001110010 011110
1101011010000000110100011011110011010100001001010010111001111101 010011
1111001101111110011101100000010100011100000010011110100001111011 100110
0101000010001110010000010000100011101111110110100100101001011010 111110
1110101001111100010010000010111100010000010011101000010110001011 011000
0001101111101001111100001000000101010010111110001100111011000111 100001
1011001001001001100110011100111000101001010000000100101111100001 111100
0011000111101000000100001001101101011100000001010111010001011100 111110
1000110001100101100010011101011000100010001111101010000010100001 110001
0101001101001111100100001100001111110111110111011111010100110111 000110
1101000100111000001011111011111000001101110010010111110000101000 100000
1010000101001010111010111110001110001101110001011010101101010000 010010
0001000101101100010001000001011001111110111010001010111111101100 100101
0011110111001000110101101111011111100001011010101000001111000101 010010
0010100001010110001111011001101000110101011100101010111100101010 001000
0010101101001010010001000111001111001001100011001100010010011101 101010
0110000011111100101001110100001101100100111101100101011100001011 000101
1000110111101010100010111000010100110110010111000001000011001100 010100
0011001010010100000011001000010111010000001011000110000000011000 010001
0011110100011000001111111001001111110100010010100111011100011100 010010
0010010101011010011110111010100110000011101010010110110000100110 000100
1110000000100101001110111101000111111010011101010110111001000000 110100
1111101101001100100000001010010000110011111111101100110101011011 111001
1011111111011010001010000111001100011011111011110010011000011101 011000
0110101111000000001101111110110100100110101010100111000111111101 110100
0011111101110111010111110100101111111101010000101100000001011110 100100
0110001100010001011111101011110000100001111000100110110100110011 000101
0000101011110000100111110011110110101001000011101110010011101010 101011
0100010100111110000010010111100011001100110000001101001010001011 001010
1100110110110101111011100111100000001101110010010011111101110011 000111
1010101010110101011001000010001101000010011111110001010000000011 011001
1101101101000001101000000101100010000101010001001110001111000001 111111
0011110010101010101101000000100111000110010101010011101010010001 010000
1110110000111100110011110000110000110101000000000000111101000100 110001
0010111100110110000100100011100101001110110000011111110001110011 010101
0010000100100110011100011110001101011101101110011100111000110110 001100
0101010110111011000101001101110000000001000010010000011001111000 001010
0011101101110011110100111110011010010111101110011000101110111111 110110
1100110100101010101001111110101000000110111101011000100101111110 111010
1001110101100000011111001111010010101011000111011111101110001001 010010
0000110010101100010001010111111011000101101000000010001101100001 000100
0000010010000010101110001111001010001000011010010010100001011000 001111
0111001100100001101011010000000010101000110000011001000011000101 000111
0100101010100100110000001100001100100111010001101011011100001011 001001
0001000111000100001011110110111001010100101010110000000011011111 000110
0101111100011011100111000111111110001000100110100110010001110001 110000
0011101001001101110110000000101100000111110100010110011100110100 111010
0110110100000000111110111100100011101000001000010000011111001011 011110
0010111001100100000001111101111011100111011011000110111010010001 011000
0010001000001111000011111100111011011101101100100110111101100101 110011
1110111000110100010011001110001001011101110110101111010011111111 001111
0001110000111110010111101100100010010101100000011110100111100010 001011
0100100110010001111001000110010100110101011010101100111101101110 001011
1111101100111110001011101001010100000111001111001100001111100000 000100
1101100111011100010110111101000010101100011011100010001111110010 111111
1101011111000101110001011010101100000001011011101111001101111001 010010
1010101011101110101000000000111000010101001101111110011010000011 100000
0101101011111010111101001001001110100100101110100011111010011001 011111
1011010001000001101011100011010000001011001100100101110010100110 100010
0111001010000111111110101000111001010100100110001110011000101100 101111
0100000111101100010110110000101101101001010100100011111001110011 100100
0000111000011101101000001010101110011100001110001001111011101111 101110
0011000011110111000101101110001010010010000110010011011110001010 001001
0110000100010001101111000100101011110111001000111110000111111101 100101
1101000010000111001111101010110001001011111010011101011111100111 011001
1011110101001101111101010000000010101011101000001011011010111100 100001
1101110100000001100100011111001000010111110001101010001000010111 100110
1111011100110010001100110010010001001010010001111111000010010110 100000
0100011010010110111011001110111000000011011010100110111011110001 001100
1001010000110000010100101100100000100010100100011110101010111110 101000
1000011000111111100001011000010111111100011101111101110011011110 011101
1110010000001110000001110001000101100111111110111101110100001000 100101
1001100101100100101000011101100010000111001010011101100011011110 001001
1110101100100101100011101100110001000111010010010100001011001110 111101
0110111110011101100010010111110101100001001100000011010000001110 011110
1100100111110001011110011010000001111111001111100011000001001110 010011
1000111001111110010010110111011000010001101001100010011010101011 110010
1100110011011110000010000111010000111011110011000101101000100101 011110
1111011111110111001101000110101001110010010111010010010010111110 000000
1000111011011001100101001000101101001100100100011101110110001100 111011
1111000011101001100111111111011011000001000001101000010100010001 001100
1101111001100010100110100101010111100110001001001111000001010001 101111
1011100110111101110011110100111010011101101110011111010110110111 000100
1111101111111110001000100001100011001101001011011010010100100000 011001
1110000000100010001011100110110100000100100111110111111101101111 010111
1100110001110101010001010110111010100100011011001001010110011110 111110
0100001110011011000100000001101110010100101110110100111101011001 011100
1011111101011101001001101101110001111001111111000010101100001111 011001
1010011000111100011010101111011000111011011111000100000110111001 101010
0111100000101001100011000101011011010010101001010110111100101011 001000
0010100010000000101111100000111100010001111100111010111011000100 011010
0000110011111000110100011000010001001000001111110000111011000000 001101
0011010101011000010010110111101101001111001111110101110010001111 001100
0111111110100010001101100100111110001100000111000111111111001110 000001
0100110100110000001101010100011100001000101100110011010101000111 111100
1111000001110011011011101110101111010011010111010100101001001100 010000
0001011100001010111011101011100100001001101011110101101100101111 001010
1010111111100111000010000011101101100011010001110010111101001110 101110
1100000001111001010111011101011010101011011101010101010110101010 110010
1011001001111101111001111100101011011111000001111111110010100001 111010
0101011010011010010111001011010111010110011011011101011001100011 000011
1000000001011111101100001000100100010101100001111110101001100010 001111
0111111110110001111000001010010110001000011111111001010101001110 010011
1011110100111000001100000111000101100011110000000010001100101010 111001
0000001001111011001001101010100100001010001101101111000101110011 010000
0010011001001010111101000101110001010100010000111100101110101110 001110
0001101101000110011010011001100001110111011111000111001111010011 111010
1000110101000101011000010111111100101110010100101111111110110010 101001
0101111000011001010000111011100111010111000101101011011101111110 000100
1101100111111110101011101000011100001011101110011011000001010110 100110
1100100100011011100100110010010110100110000101100011100111100011 001110
0101111000110100101001000110011010000100111010000010011100110000 101110
0010100001000010010010110100110100001000010000011001110010011100 110101
1111110100111110010111110110101000101111010000100111110101111011 011101
1000010000101001101000110000011111011011110001100001000101001111 100100
1001110100011011111111011111010111001010010010000111000101111011 010111
1100010000110110011000011010101000100010111000101110100110110111 010001
0000100011010000011011001100110010101010010110111100110010110001 110011
0000100010101000100101011100111001100011001011011010011010100110 010001
0100101101000001111110101011001111101100010001110011011111101110 011000
1101110111000000011101101000101101110111110000010100010010010010 101111
1000011100011000110000101011010101111000111101001000011010010100 111110
0111001010101111010011100011110110101001000000011101001000100111 100001
0010010111101110100000010100111011010000110111001010110010111000 011000
1110110011001010100111101111001000100100010000101000111110000011 000110
0000011011100011100010001011011011000100011011000100110100000111 010111
0000010110010010101101110001010000000000110000001001101001111010 001110
1101101100001100011001110101111011001111101110110111111001001111 001001
1011010000100101100110011010001110111100010100110011001100100000 010000
1001010011111100100101101011100000000101000000101001100000101101 001101
1100101100011101001000000011111110110110111101011000110110101010 111011
0111100111110110100111011101101010011100001110011000101100000000 000100
0000110010010100000100000111111011000011010110100000100001111111 100010
0000001001010100000110000110110011101000011110001011001011011111 111101
0010101101001011011110111100110010100111011110011010110011000000 100001
1101001000111111110101011011101001011101010010110111110110111011 110111
1000010101001001001100111011111000000000000111001010001100011110 010100
0101101101110000010011100001101111101110011101001101101011110010 100010
0110100010101100011000101111111011010001111100010101111001010000 110100
1111001010100010100000110010110011101000010010001010011100111101 001110
0111001100010100101010011101010010101001001110001110100001010101 100101
0111100010110010010011100101001100001011000010110010111001010010 010100
1101001111100111010110110100100000101110010100101111011000100001 100001
0000011011111110011110000100111011101101011001110111110011001000 111000
0010100100101111101110001111100001000101000011011100110100000100 011000
0010100101111111010111000100001111101011001100010011101011010011 111101
0100011010000111100010010010100011111111101010101010011100111000 100110
1101001101011100100010011110111010110001100101001111100100101000 100001
1011101000101111010010110101001000011101010110010111101011110100 010011
1000101100011100001010001110111001110001100101001110100101100010 011001
1000101000110101010100011100001000110111010101110101111111101011 111100
1111010101101101001001011001110100100100100101100001111011111001 001001
1001100001000011110101100101100010000001101111101100010011101010 010111
0001110111010001001001001000101110000111100101010011111001001100 101000
1010111001010011000110101110110010110000101110111111100101011111 011011
1110010111111101110111111001111001101010101001011000011000100010 100001
1100110011100101011111111010000010011110001010110011000000111000 100010
0101110001101101101101001111001011010110111101101100101100110010 111110
1000000011111100111100001111010000000000010111000110110011000010 010011
0100101001101111000000110111010001110001010101111011001000100100 110000
1000001011011100001010011110101111010100110101010110110110111011 010001
0110000101010001000011010010001111100000110101110000101101011001 010111
1010101100001001011011111101000001011001100011010101011011000000 000011
1011111001001001111111011011101011011011100000000101111000001001 001010
0011101000011000100000111110110100110000001110100001001110011111 011101
1010001011001111011001110111111111011000111011001001001111000100 100001
1011100001100101111001000111000010001010111010111000001111111110 111011
0101010100010111111001001011001001111110000010110111110010101100 110010
0101110100011110111000110001101110010110001101101000111001001100 110110
1100000001100000111100110111000101011100111011010111011101110111 000001
0001110101010000100011010111011100111111101011000011011010111011 001000
0000101111000111001110100010011100110000011100001000100010100111 111001
0001001011100110010001100011101000110100011010010001101001110101 010001
1001010000011101011101011101101010111100010100100010110011000110 010011
0111010011111010111101101111100110101110111101011100000001111100 000101
1100000010011000000000010010111011001011111110010100101101001110 101010
0111100100101011001110110000110011100001100100110101100000010100 101100
0000100001111111000011001001111001000001111110111100100101001101 100001
1100011011011000111100110111110100001110100011000100111001111111 100011
0100111010010101001010000111000010011010100111001001100000111101 000011
1000110001011101100110100100001010100001011011010011110010011000 001011
0010101000000000110011100101011101110011001101011100111001010000 000100
0100110110010001010011110000011001100000110110000101100011110100 110001
1000111000010110110101111000101101001110111011010111011111001000 110101
1110000001001111010100001100111010111011110110011001010110010110 000101
0001010101101010100100111011110101101010110001011011001001111001 101110
0001111011100110001111111111111001000001010010000000000000010001 111001
0001111001110100000111101100111111010101101101110011101011011010 010000
1001110101101111101000100011010101010010011110001101010000010001 011001
0000011010010010111100010011111111000110011001001101011001011110 000100
1111101100000111100110100011010101000110101100011111001010100011 111000
0011101111101010110001111001100101111101111010001011110000010000 111001
1011110011110110010110101100110101011011001001101101101100101000 000011
0100000001001111110001101101101010110011111000000010101001101010 010101
1101000010110101001010010110010101010101011111011001010101001011 111100
1011111100101001100110011000100001101111110110011110101100001100 000110
1100111001100111101000010101010010100111010101110101101000101011 001111
0010001100110111011110100000010000011110111100001110010110111010 111000
0001001101100111101010000100101000011001110101000110110011110101 101010
0110001001010000111011110010101010110000001100101001000110010101 110011
1111001100011100101100110100011011111110110001110100111111010110 101010
0011011000000000000101001010110001011010011101110000110011110011 101000
1110101111001101010100010000100001011010100110111101000010101001 110111
1000000101100011000110111000111101101101001100111111111010111011 110010
1011111011101011101101110011110110100011110010101110011110001100 111111
0001110111111000001010010010100000010111110010010110011000111001 100101
0110001100100100100101010111110001001000000000010010000001000101 110000
0100011110000001001000001101110110100110001101111111100000001011 010111
1111111101000010001011110100000101111010000000000010101100011110 111110
0101001001000001010001001111010000001100100110000000101100000100 000011
1010000001101101011110110110100000001100110101111100001001100110 101011
0001101110011101100001111101101111011001000100010000101111010011 000010
0001101100100001100110000101011000111101010100010000000100011011 011001
1010010101110111101000111101010101110110010111011110011010110000 110001
1101000100011110101111000101001101011000100110101011110100111001 111101
0000010111000011010011111111001111110101101011000010000010010100 000111
1111011111010101110101000100000011010000100100010110101110001000 100000
0111011101110000111010010011101001011101100001010111010110001101 101101
0100110010001000111001000000110001011011101000111010111011111000 111001
1011000000010111000000110011111011011010000110110101001101010110 011100
0011010010001011001011110100000010111101101010010010110010111110 011100
0100111101010101010010101100011000001111110111010110001101011111 010110
0011001010000100111000010111111001011110101111111101111010001000 100101
0101111111110100000100001011100100101101101101011101001011101011 011001
0011110100111110110000110011001100110111000001010110011100010001 101010
1010110101001010000100100110001000101000001110010111111001010001 110010
1100101101111011100101101111011100000011100000010010111101111001 110100
1110010101011000011000110001101011100011101011001100000110110000 100111
0011011010111100101100110100101011001001100011011000110100101000 110100
1100111001111101000100001110011101001101001111001100001111110100 000011
0110111010111010111000110000000011000010000011110101100111011000 100100
0111101101000110010101011101010001111111011011000111001111010011 011010
0111010010111011110001100011011101000000101101000011100001000001 101111
1101001101100000000100001100101001000111111010110011010011110100 010100
1011110110000110110001101110001011000100001010000111010011001100 001110
1001100100101000100001010101011101110101010001011011001001101110 110000
0111111100100000111101000110101010010101011001100011011011000110 110011
1100111101000111001101111001001111111010101000111011000110100110 001110
1010100111001000001100000110001110011000001011101111100101011110 100010
1100001101001010110010100000101100110111111101100101101011101000 010001
0011001111111001101011000010110000111101000110011001110100100110 000001
1101010101101011010011111010000100000001100010110111010010100011 100010
0010111000001101110010111110101001111111101111010101011101010100 011100
0011100111110101100100101000101010100000010111011101011101010101 011111
1001001011010110110000100111100000011001101000111001110000011101 000111
1001101110010110011011010100000111010001010000100001100000011000 100111
0101100110110100010110000010110101010101010110110010111010101100 110111
1010111101000101001001000011000010110110110001000000100001011011 000001
1101111111100111011010010111000010100111001101011100111000110010 101001
0101101000010101100111000100100000010111111101010111100001011001 010000
1010010101001010110100101111101111001100011011110110001100100100 011010
1000001110010100000100110100000000010111001000001101101110100011 010100
0100001100010000100001001010001111101111001010111111110100011011 000001
0000010101011001000000111110110100101101111000001010110100000000 100011
0000101001100101100011001001001110000010101111011111000000100001 011110
1001001011011110101011110011110010010111100110011101001100101101 000111
1010010001111011101100101010001100010000100101001011011010100101 111101
0111110110101000101110110101001100010011011000001101011101001000 001010
0010101101111001110011001100001111000101110100111110000001011101 101101
1101100001010001000101110000110111111010100101100001010010110111 100110
0011111001100011001010110011101001100010010101000101000011011011 111010
1101111010100111100010101101101000100000010000011111010011001000 010001
0100000100100010000010011111110011010111101111000000100000110000 101111
1100001100001110001010000010110111110110110001110001111110100010 010101
1110011001100010100111001100101001110010010000110001101110000001 111111
1110011011001011011110001000000010111110010000000001101101110111 100000
0011101111000000101110100100110111110110110101010110111010110100 010101
0000110010110101111000111111100011010101000011110000101000000100 101111
0001000000110000101001000010000011010111110001100011110100001101 111100
1100001001110000000010101110110100101111100011001110111101000010 011001
0100000011000100011010011110001011001011100111101000111101101001 001111
0101100111100000111011010001011100011110011101011111111010101000 100001
1010111100000000101101101000011001000001100111111111111000010100 111111
1101101111001010101001000101000001100011000011101101001010011000 110001
1001001111000011001011101111010110100111000110010001000011010101 101110
1111010101111101101011001000111000100010000001100011011011100011 000100
1101000001001011111000011111110110110000001010101101001000001101 110011
1000111001100010010100000010000001001001100000001010011111101010 111001
0110000101000110110010111011100011000111101110001101010010100111 000110
1111000000011100001011010011110111011001010100111100111011010101 011011
1010110010010001110111011110000011011001111110000001100000111011 110101
0001111001100110000010011001001011000000100110010110111110001100 100000
1110000111010111101101011001110001000000011001000010100110101101 001001
1111010000110111101001010111110100000100101011101110110110000001 111000
1101100111011111100011110000000111010101001101100100001001001110 111111
1001001110000000010010110011101111010100110001111001010100011001 001011
1110111101001111101000111101100001000100001110000101011010111100 101100
0000101011011110111101011011001000100011010010001000010000101100 111110
0100111011011100101001101011000101010100110000101010010010000110 011001
0110010100110101001111001101011000000000100000110100110010110101 010110
0110101110100011111000011001010101010100110111010011111110101001 001110
0000010010111010010100111011101101001000110101100111110100011001 100011
1010100001011110101110000110100000001111010110010000010011100100 011110
1011100010111000000001000111111001000100011001001101110111011100 001001
1001110111111110001101110111100000100001110111001010101101010111 101110
0100101010010101100000110111000001011110011111110100000101000010 010010
1001010011110110110111010001010001100010010000101111110100010111 111101
0100011001011010011010010011011111110001101010001100111101111011 100111
1010110001110111101010011011000101111001101010110101011100001000 111010
0110010000011110010100100001000001000110101110010100001011010000 011111
0100000100100001100100111100001111100000110011010110111101000111 000100
0100011001110100100111001000100010111000010011110111010001111010 001010
0100111001101011001000100111001110100101111110100100001110011011 101010
0001100110000101001101000001010010101110100111111011110000010101 001110
0101100111101100011111011101010111000000111111101101101010100101 111010
1101100111011110110011110110101110001100110001000100001010110101 000111
1111000111100000101110100101101111001010110011110011100111100101 101001
1111001010011000000000000100111100001110010001011111110001000110 001000
0111100100100011101001011111111010110001000000101000010000001111 001100
1001000101000000000101111110111000001100001100000010110101110110 001000
0010100000010111001000010100101101010000100001010100101111010010 101110
1001110010101101000101011101010001001101010010101000111010101111 001110
1101000101110011110011101010100111001000011000101001001111001011 101100
0101010001101000011100101011001101100110001001010010100101001000 011100
0101000110001001101000100100101101010001001011011100100100001100 010001
0111000110101001100001100110011101001110100101000010100110100101 110000
1010101110000101011101011110011110001001000010111001001110001111 010001
0001110011011001011000111000001010001101001100011110111000111110 011100
1110100000111111011010100111100001110011110001000001111110111101 000011
0011011001011000000001010101110000100110111001011001011110000000 011000
1011110001001010011110101101111001111000111000101100010010101000 101111
1110110110000001111100110100000000010110101000100000100001011111 011100
1000011011001000110110101110110010100001011001001000010010111000 000100
0100101110101010111110101000111110100101011000101111010100100110 001000
1011100100101100000001110010000000110011101111111111111000110100 110100
1000010011111000001100011010011101010011100001101101010110010000 010011
1110000000111110010101100001111010011111010011100010011101001011 110110
0000010110111100110101111111110101001100100111010100101011100011 101111
1100011011110100100111111110101000101110101101101101001010011101 101110
1101111101101000010011010111001010110111011000011001000100010100 101100
1010101000011101100011010101000111010111001000011011010101110111 111111
1111001110011010010001111111110011101001110011110010110110011010 010110
0111010111100000011011100100011100011001001100001100100001101111 010111
